Date            R1  T1  CFreq      rms   sfnr    rdc study  Nout status drft drf2  esp  gmn gmn1 gmnN gtop gtop1 gtopN notes
20190606.072104  9  124 1277166820 0.046 430.9   4.9 35709 1    PASS   -0.3  0.5  472  1.2  1.2  1.2  2.5  2.5  2.5 "adj"
20190607.070727  9  124 1277166830 0.045 429.6   5.3 35762 0    PASS   -0.4  0.6  472  1.2  1.2  1.2  2.6  2.5  2.6 "adj"
20190610.072820  9  122 1277166920 0.040 427.3   6.0 35945 1    PASS   -0.4  0.5  472  1.2  1.2  1.3  2.6  2.5  2.6 "adj"
20190611.071626  9  124 1277166910 0.051 423.8   5.0 36034 1    PASS   -0.4  0.7  472  1.2  1.2  1.2  2.5  2.5  2.5 "cc"
20190612.070514  9  121 1277167220 0.045 426.3   5.5 36080 1    PASS   -0.3  0.6  472  1.2  1.2  1.2  2.6  2.5  2.6 "adj"
20190613.071250  9  124 1277167340 0.044 428.9   5.1 36157 1    PASS   -0.3  0.5  472  1.2  1.2  1.2  2.4  2.4  2.5 "adj"
20190614.072250  9  122 1277167270 0.042 419.8   6.1 36243 1    PASS   -0.2  0.4  472  1.3  1.2  1.3  2.6  2.6  2.6 "adj"
20190617.073425  9  120 1277166760 0.050 422.0   5.0 36321 1    PASS   -0.3  0.5  472  1.2  1.2  1.3  2.6  2.6  2.6 "adj"
20190618.075949  9  121 1277166910 0.045 414.3   5.8 36380 1    PASS   -0.3  0.5  472  1.3  1.3  1.3  2.6  2.6  2.6 "adj"
20190619.070658  9  123 1277166840 0.045 426.7   5.8 36444 1    PASS   -0.3  0.6  472  1.2  1.2  1.2  2.6  2.5  2.6 "adj"
20190620.070234  9  122 1277166840 0.045 424.1   5.6 36542 1    PASS   -0.2  0.4  472  1.2  1.2  1.2  2.5  2.5  2.5 "adj"
20190621.071316  9  122 1277166990 0.042 419.9   6.4 36628 0    PASS   -0.2  0.4  472  1.2  1.2  1.2  2.6  2.5  2.6 "adj"
20190624.081201  9  120 1277166820 0.047 425.0   5.0 36749 1    PASS   -0.3  0.5  472  1.2  1.2  1.2  2.3  2.3  2.3 "cc"
20190625.072251  9  124 1277166830 0.043 432.8   5.8 36816 0    PASS   -0.5  0.7  472  1.2  1.2  1.2  2.3  2.3  2.3 "adj"
20190626.070527  9  124 1277167020 0.046 427.0   5.5 36891 1    PASS   -0.4  0.7  472  1.2  1.2  1.2  2.4  2.4  2.5 "adj"
20190627.072505  9  124 1277166920 0.045 429.8   6.0 36990 1    PASS   -0.4  0.6  472  1.2  1.2  1.2  2.5  2.5  2.5 "adj"
20190628.074327  9  121 1277167040 0.038 427.7   6.6 37076 1    PASS   -0.4  0.6  472  1.2  1.2  1.2  2.6  2.6  2.6 "adj"
20190701.071600  9  122 1277167020 0.050 424.7   4.8 37216 1    PASS   -0.3  0.6  472  1.2  1.2  1.2  2.5  2.5  2.5 "adj"
20190703.070425  9  125 1277166790 0.048 422.8   5.3 37273 0    PASS   -0.3  0.5  472  1.3  1.2  1.3  2.6  2.6  2.6 "adj"
20190705.072330  9  124 1277166910 0.049 428.2   4.5 37352 0    PASS   -0.4  0.6  472  1.2  1.2  1.3  2.6  2.5  2.6 "adj"
20190708.072013  9  124 1277166780 0.045 431.7   5.5 37416 0    PASS   -0.4  0.6  472  1.3  1.2  1.3  2.6  2.6  2.6 "adj"
20190709.074802  9  125 1277166830 0.047 412.3   5.5 37466 2    PASS   -0.4  0.6  472  1.2  1.2  1.2  2.5  2.5  2.5 "adj"
20190710.073832  9  124 1277166770 0.048 422.6   5.1 37503 1    PASS   -0.4  0.6  472  1.2  1.2  1.3  2.6  2.6  2.6 "adj"
20190711.082254  9  121 1277166850 0.041 446.6   5.9 37564 1    PASS   -0.3  0.5  472  1.2  1.2  1.2  2.4  2.4  2.5 "adj"
20190712.074021  9  124 1277166780 0.040 428.9   6.6 37652 1    PASS   -0.3  0.5  472  1.3  1.3  1.3  2.6  2.6  2.6 "adj"
20190715.071842  9  124 1277166730 0.042 427.1   6.0 37715 1    PASS   -0.4  0.5  472  1.2  1.2  1.3  2.6  2.6  2.6 "adj"
20190716.072640  9  124 1277166760 0.040 429.8   6.0 37765 1    PASS   -0.3  0.5  472  1.2  1.2  1.2  2.5  2.5  2.5 "adj"
20190717.072624  9  122 1277167080 0.043 420.6   5.8 37838 0    PASS   -0.3  0.4  472  1.3  1.3  1.3  2.6  2.6  2.6 "adj"
20190718.072309  9  125 1277167440 0.047 425.3   5.2 37924 1    PASS   -0.3  0.5  472  1.2  1.2  1.2  2.6  2.6  2.6 "adj"
20190719.072727  9  121 1277167470 0.039 420.5   6.8 37974 1    PASS   -0.3  0.5  472  1.3  1.3  1.3  2.5  2.5  2.5 "adj"
20190722.073032  9  124 1277167190 0.044 429.1   6.0 38218 1    PASS   -0.3  0.5  472  1.2  1.2  1.3  2.5  2.5  2.6 "adj"
20190723.082539  9  120 1277166940 0.042 423.9   5.6 38243 1    PASS   -0.4  0.5  472  1.2  1.2  1.3  2.5  2.5  2.5 "adj"
20190724.073619  9  124 1277167110 0.050 426.4   4.9 38342 1    PASS   -0.3  0.6  472  1.2  1.2  1.2  2.5  2.4  2.5 "adj"
20190725.073426  9  124 1277166930 0.047 430.5   5.0 38373 1    PASS   -0.3  0.5  472  1.2  1.2  1.2  2.4  2.4  2.4 "adj"
20190726.072651  9  124 1277167030 0.048 423.5   4.9 38434 1    PASS   -0.3  0.5  472  1.3  1.2  1.3  2.6  2.5  2.6 "adj"
20190729.071428  9  124 1277166800 0.040 439.0   5.4 38531 1    PASS   -0.4  0.5  472  1.3  1.2  1.3  2.6  2.6  2.7 "adj"
20190730.073013  9  123 1277166810 0.042 433.5   5.6 38559 1    PASS   -0.4  0.5  472  1.2  1.2  1.3  2.6  2.6  2.6 "adj"
20190802.135836  9  125 1277167330 0.038 428.2   6.6 38748 1    PASS   -0.2  0.3  472  1.2  1.2  1.2  2.8  2.8  2.7 "adj"
20190805.074824  9  122 1277166780 0.041 439.2   5.7 38803 1    PASS   -0.4  0.6  472  1.2  1.2  1.2  2.5  2.5  2.6 "adj"
20190806.073843  9  123 1277166790 0.040 424.7   6.0 38834 2    PASS   -0.2  0.4  472  1.2  1.2  1.2  2.4  2.4  2.4 "adj"
20190807.073803  9  124 1277166720 0.046 421.2   5.2 38853 1    PASS   -0.3  0.5  472  1.2  1.2  1.2  2.6  2.6  2.6 "adj"
20190808.072956  9  124 1277166740 0.037 421.3   7.1 38917 1    PASS   -0.3  0.4  472  1.2  1.2  1.3  2.7  2.6  2.7 "adj"
20190809.075755  9  122 1277166850 0.040 414.0   6.7 38945 1    PASS   -0.3  0.5  472  1.2  1.2  1.2  2.6  2.6  2.6 "adj"
20190813.074133  9  122 1277166840 0.047 438.2   4.9 39118 1    PASS   -0.3  0.5  472  1.2  1.2  1.2  2.5  2.5  2.5 "adj"
20190814.073826  9  125 1277166770 0.041 420.4   6.4 39179 1    PASS   -0.4  0.5  472  1.2  1.2  1.2  2.6  2.6  2.6 "adj"
20190815.073906  9  125 1277166940 0.042 422.4   5.6 39243 1    PASS   -0.4  0.6  472  1.2  1.2  1.2  2.5  2.5  2.5 "adj"
20190816.074438  9  125 1277167110 0.047 415.7   5.4 39288 1    PASS   -0.3  0.5  472  1.2  1.2  1.2  2.5  2.5  2.5 "adj"
20190819.084451  9  125 1277166800 0.045 419.5   5.7 39330 1    PASS   -0.3  0.5  472  1.3  1.3  1.3  2.6  2.6  2.6 "adj"
20190821.073913  9  124 1277166730 0.045 406.6   5.6 39458 1    PASS   -0.3  0.5  472  1.2  1.2  1.2  2.6  2.6  2.6 "adj"
20190822.073821  9  125 1277166820 0.047 410.1   5.7 39512 1    PASS   -0.4  0.6  472  1.3  1.2  1.3  2.6  2.6  2.6 "adj"
20190823.074603  9  126 1277166820 0.041 413.1   6.2 39549 1    PASS   -0.3  0.5  472  1.2  1.2  1.2  2.6  2.6  2.6 "adj"
20190826.074255  9  125 1277166800 0.049 415.8   5.2 39622 1    PASS   -0.4  0.7  472  1.3  1.2  1.3  2.6  2.5  2.6 "adj"
20190827.075401  9  125 1277166780 0.044 415.3   5.6 39656 2    PASS   -0.4  0.7  472  1.2  1.2  1.2  2.6  2.6  2.6 "adj restart"
20190828.075110  9  125 1277166750 0.039 422.0   6.4 39674 1    PASS   -0.4  0.5  472  1.2  1.2  1.2  2.5  2.4  2.5 "adj"
20190829.074511  9  125 1277166740 0.040 420.9   6.5 39688 1    PASS   -0.2  0.4  472  1.2  1.2  1.3  2.5  2.4  2.5 "adj"
20190903.081100  9  125 1277166760 0.044 420.6   5.6 39857 1    PASS   -0.4  0.6  472  1.3  1.3  1.3  2.6  2.6  2.6 "adj"
20190904.080159  9  125 1277166760 0.043 423.4   6.2 39893 1    PASS   -0.3  0.5  472  1.2  1.2  1.2  2.6  2.5  2.6 "adj"
20190905.074323  9  125 1277166760 0.042 422.7   5.7 39978 0    PASS   -0.3  0.5  472  1.2  1.2  1.2  2.4  2.3  2.4 "adj"
20190906.074637  9  125 1277166800 0.047 417.4   5.3 40004 1    PASS   -0.3  0.5  472  1.3  1.2  1.3  2.6  2.6  2.6 "adj"
20190909.072710  9  124 1277166900 0.040 431.2   6.2 40107 1    PASS   -0.3  0.4  472  1.2  1.2  1.3  2.5  2.5  2.5 "adj"
20190910.080435  9  125 1277166750 0.040 425.0   5.9 40110 2    PASS   -0.3  0.4  472  1.2  1.2  1.2  2.6  2.6  2.6 "adj. spike in 77 degree. passing"
20190911.075843  9  122 1277167050 0.044 410.8   5.4 40167 1    PASS   -0.3  0.5  472  1.3  1.3  1.3  2.6  2.6  2.6 "adj"
20190912.074924  9  122 1277166900 0.043 411.8   5.8 40197 1    PASS   -0.4  0.6  472  1.3  1.3  1.3  2.6  2.6  2.6 "adj"
20190913.080459  9  122 1277167050 0.043 409.8   6.5 40251 1    PASS   -0.4  0.6  472  1.3  1.2  1.3  2.6  2.6  2.6 "adj"
20190916.075744  9  126 1277166790 0.036 415.2   6.6 40332 1    PASS   -0.4  0.5  472  1.2  1.2  1.3  2.5  2.5  2.5 "adj"
20190917.084434  9  126 1277166800 0.039 419.0   6.7 40377 1    PASS   -0.4  0.5  472  1.3  1.2  1.3  2.6  2.6  2.6 "cc"
20190918.082316  9  125 1277166970 0.049 416.7   4.7 40436 0    PASS   -0.3  0.5  472  1.3  1.3  1.3  2.6  2.6  2.6 "adj"
20190919.081025  9  124 1277167090 0.039 416.4   6.2 40501 1    PASS   -0.3  0.5  472  1.3  1.2  1.3  2.7  2.6  2.7 "cc"
20190919.095439  9  124 1277167100 0.043 413.5   6.2 40503 1    PASS   -0.4  0.6  472  1.3  1.3  1.3  2.5  2.5  2.5 "cc"
20190920.081919  9  125 1277167100 0.039 418.8   5.7 40583 1    PASS   -0.2  0.3  472  1.3  1.3  1.3  2.5  2.6  2.6 "adj"
20190923.081839  9  125 1277166780 0.043 418.2   6.1 40703 0    PASS   -0.4  0.5  472  1.2  1.2  1.2  2.6  2.6  2.6 "adj"
20190924.080216  9  125 1277166740 0.039 417.9   6.2 40787 1    PASS   -0.3  0.5  472  1.2  1.2  1.2  2.6  2.5  2.6 "adj"
20190925.074556  9  124 1277167150 0.044 419.2   5.7 40894 1    PASS   -0.2  0.5  472  1.3  1.2  1.3  2.7  2.6  2.7 "adj"
20190926.084133  9  126 1277167050 0.045 416.0   6.1 40941 1    PASS   -0.3  0.4  472  1.2  1.2  1.2  2.6  2.5  2.5 "adj"
20190927.071746  9  124 1277167190 0.042 419.6   6.1 40984 1    PASS   -0.2  0.4  472  1.2  1.2  1.3  2.6  2.6  2.7 "adj"
20190930.074747  9  125 1277166990 0.043 422.6   5.7 41120 1    PASS   -0.3  0.5  472  1.3  1.2  1.3  2.6  2.6  2.6 "adj"
20191002.083439  9  125 1277167460 0.038 418.2   6.5 41301 1    PASS   -0.2  0.4  472  1.2  1.2  1.3  2.6  2.6  2.6 "cc"
20191003.080134  9  125 1277167230 0.047 416.5   5.3 41326 1    PASS   -0.4  0.6  472  1.2  1.2  1.2  2.5  2.6  2.5 "adj"
20191004.075121  9  125 1277167200 0.045 419.5   5.9 41363 1    PASS   -0.2  0.4  472  1.2  1.2  1.3  2.6  2.5  2.6 "adj"
20191007.074324  9  125 1277167560 0.044 415.3   5.9 41532 1    PASS   -0.4  0.5  472  1.3  1.2  1.3  2.6  2.6  2.6 "adj"
20191008.074359  9  125 1277167370 0.039 421.0   6.3 41608 1    PASS   -0.3  0.5  472  1.2  1.2  1.3  2.6  2.6  2.7 "adj"
20191009.075635  9  126 1277167570 0.047 416.9   5.5 41671 1    PASS   -0.2  0.5  472  1.3  1.3  1.3  2.5  2.4  2.5 "adj"
20191010.080839  9  120 1277167960 0.038 413.8   6.5 41770 1    PASS   -0.5  0.7  472  1.3  1.3  1.3  2.6  2.5  2.6 "adj"
20191011.080001  9  123 1277167930 0.042 416.8   6.0 41850 0    PASS   -0.3  0.4  472  1.3  1.2  1.3  2.5  2.5  2.5 "adj"
20191014.072645  9  124 1277167500 0.042 413.4   6.1 41953 1    PASS   -0.3  0.5  472  1.3  1.3  1.3  2.6  2.6  2.6 "adj"
20191014.072645  9  124 1277167500 0.042 413.4   6.1 41953 1    PASS   -0.3  0.5  472  1.3  1.3  1.3  2.6  2.6  2.6 "adj"
20191015.081113  9  123 1277167540 0.039 412.6   5.6 42020 1    PASS   -0.2  0.4  472  1.2  1.2  1.2  2.5  2.5  2.6 "cc"
20191016.074237  9  123 1277167530 0.043 410.1   6.1 42117 1    PASS   -0.2  0.3  472  1.2  1.2  1.2  2.6  2.6  2.6 "adj"
20191018.082043  9  126 1277167680 0.042 418.5   6.5 42288 0    PASS   -0.3  0.5  472  1.3  1.3  1.3  2.6  2.6  2.7 "adj"
20191021.072625  9  125 1277166870 0.044 420.1   5.5 42417 1    PASS   -0.4  0.6  472  1.2  1.2  1.2  2.5  2.5  2.5 "adj"
20191022.075119  9  126 1277166730 0.043 425.8   6.0 42448 1    PASS   -0.3  0.6  472  1.3  1.2  1.3  2.6  2.5  2.6 "adj"
20191023.080126  9  126 1277166680 0.043 423.0   5.6 42498 0    PASS   -0.3  0.5  472  1.2  1.2  1.2  2.5  2.4  2.5 "adj"
20191023.080126  9  126 1277166680 0.043 423.0   5.6 42498 0    PASS   -0.3  0.5  472  1.2  1.2  1.2  2.5  2.4  2.5 "adj"
20191025.071845  9  125 1277166760 0.037 429.2   6.8 42635 1    PASS   -0.2  0.4  472  1.2  1.2  1.2  2.6  2.5  2.6 "adj"
20191028.072946  9  125 1277166660 0.041 423.1   6.1 42764 0    PASS   -0.4  0.6  472  1.2  1.2  1.2  2.5  2.5  2.5 "adj"
20191029.073721  9  126 1277166680 0.041 425.9   5.6 42790 1    PASS   -0.2  0.4  472  1.2  1.2  1.2  2.5  2.4  2.5 "adj"
20191030.072706  9  122 1277166790 0.040 418.8   6.1 42873 1    PASS   -0.2  0.4  472  1.2  1.2  1.3  2.6  2.6  2.6 "adj"
20191031.072635  9  122 1277166690 0.046 421.0   5.4 42937 1    PASS   -0.3  0.5  472  1.3  1.3  1.3  2.6  2.5  2.6 "adj"
20191101.075731  9  125 1277166820 0.042 430.5   5.5 43025 1    PASS   -0.3  0.6  472  1.3  1.2  1.3  2.6  2.6  2.6 "adj"
20191104.072248  9  124 1277166730 0.043 427.4   5.4 43135 0    PASS   -0.2  0.4  472  1.2  1.2  1.2  2.5  2.5  2.5 "adj"
20191105.072559  9  124 1277166760 0.040 428.6   5.9 43208 1    PASS   -0.3  0.4  472  1.3  1.2  1.3  2.7  2.6  2.7 "adj"
