Date            R1  T1  CFreq      rms   sfnr    rdc study  Nout status drft drf2  esp  gmn gmn1 gmnN gtop gtop1 gtopN notes
20190606.072814 13  124 1277166820 0.167  94.6   5.4 35710 1    NA    0.0  0.7  472  3.0  3.0  3.0  4.0  4.1  4.0 "adj"
20190607.071431 13  124 1277166900 0.176  92.7   5.5 35763 1    NA    0.1  0.8  472  3.0  3.0  3.0  4.0  4.0  4.1 "adj"
20190610.073612 13  122 1277166920 0.214  92.6   4.9 35946 1    NA   -0.7  1.3  472  3.0  3.1  3.0  4.1  4.2  4.1 "adj"
20190610.073612 13  122 1277166920 0.214  92.6   4.9 35946 1    NA   -0.7  1.3  472  3.0  3.1  3.0  4.1  4.2  4.1 "adj"
20190611.072337 13  124 1277166980 0.170  93.7   5.9 36035 1    NA   -0.1  0.8  472  3.0  3.0  3.0  4.0  3.9  3.9 "cc"
20190612.071240 13  121 1277167290 0.167  92.4   6.1 36081 1    NA   -0.4  0.9  472  3.0  3.1  3.0  4.1  4.1  4.1 "adj"
20190613.072001 13  124 1277167410 0.203  94.4   5.2 36158 1    NA   -0.1  0.9  472  3.0  3.0  3.0  3.9  4.0  4.0 "adj"
20190614.073034 13  122 1277167340 0.242  90.3   4.5 36244 1    NA   -0.6  1.3  472  3.1  3.1  3.1  4.1  4.1  4.2 "adj"
20190617.074142 13  120 1277166830 0.188  92.8   6.0 36322 0    NA   -0.1  0.8  472  3.0  3.1  3.0  4.1  4.2  4.0 "adj"
20190618.073135 13  121 1277166820 0.300  89.0   3.8 36376 1    NA   -0.4  1.6  472  3.1  3.1  3.1  4.1  4.2  4.0 "adj"
20190619.071451 13  123 1277166910 0.206  93.0   4.9 36445 1    NA   -0.6  1.3  472  3.0  3.0  3.0  4.1  4.0  4.1 "adj"
20190620.070942 13  122 1277166840 0.211  92.3   5.3 36543 0    NA    0.0  0.9  472  3.0  3.0  3.0  4.0  4.0  4.0 "adj"
20190621.072026 13  122 1277167060 0.196  91.4   5.5 36629 0    NA   -0.0  0.9  472  3.1  3.1  3.1  4.1  4.1  4.1 "adj"
20190624.081909 13  120 1277166820 0.268  90.4   4.3 36750 1    NA   -0.2  1.1  472  3.0  3.1  3.1  4.0  4.0  4.1 "cc"
20190625.073047 13  124 1277166900 0.216  93.1   5.4 36817 1    NA   -0.5  1.2  472  3.0  2.9  2.9  3.8  3.8  3.8 "adj"
20190626.071410 13  124 1277167020 0.231  92.5   4.7 36892 1    NA   -0.7  1.4  472  3.0  3.0  3.0  4.0  3.9  4.0 "adj"
20190627.073211 13  124 1277166990 0.151  94.5   6.4 36991 0    NA   -0.0  0.6  472  3.0  3.0  3.0  4.0  4.0  4.0 "adj"
20190628.075036 13  121 1277167110 0.221  91.4   5.6 37077 1    NA   -0.2  1.0  472  3.0  3.0  3.0  4.1  4.0  4.1 "adj"
20190701.072328 13  122 1277167090 0.149  92.3   6.6 37217 1    NA   -0.4  0.9  472  3.0  3.0  3.0  4.0  4.1  4.0 "adj"
20190703.071232 13  125 1277166860 0.262  91.3   3.9 37274 1    NA   -0.7  1.3  472  3.0  3.0  3.1  4.0  4.0  4.1 "adj"
20190705.073117 13  124 1277166910 0.190  93.5   5.1 37353 1    NA   -0.4  1.0  472  3.0  3.0  3.0  3.9  3.9  4.0 "adj"
20190708.072814 13  124 1277166850 0.210  94.5   5.2 37417 1    NA   -0.8  1.5  472  3.0  3.0  2.9  4.0  4.0  4.0 "adj"
20190709.075521 13  125 1277166830 0.265  90.2   4.5 37467 1    NA   -0.3  1.1  472  3.1  3.0  3.1  4.1  4.2  4.2 "adj"
20190710.074601 13  124 1277166840 0.208  92.3   5.1 37504 1    NA   -0.2  1.1  472  3.0  3.0  3.0  4.0  4.1  4.0 "adj"
20190711.082959 13  121 1277166920 0.246  95.9   4.9 37565 1    NA   -0.3  1.2  472  2.9  2.9  2.9  3.9  3.8  3.9 "adj"
20190712.074729 13  124 1277166780 0.202  92.5   5.9 37653 0    NA   -0.0  0.8  472  3.0  3.0  3.0  4.0  4.0  4.0 "adj"
20190715.072720 13  124 1277166800 0.238  92.0   4.5 37716 1    NA   -0.8  1.3  472  3.0  3.0  3.0  4.1  4.0  3.9 "adj"
20190716.073656 13  124 1277166830 0.257  92.2   4.7 37766 1    NA   -1.0  1.7  472  3.0  3.0  3.0  4.0  3.9  4.1 "adj"
20190717.073322 13  122 1277167150 0.225  90.4   5.4 37839 1    NA    0.0  1.0  472  3.1  3.1  3.1  4.1  4.3  4.1 "adj"
20190718.073015 13  125 1277167510 0.240  92.9   4.5 37925 2    NA   -0.1  1.0  472  3.0  3.0  3.0  4.1  4.1  4.0 ""
20190719.073436 13  121 1277167540 0.212  89.9   5.1 37975 1    NA   -0.1  0.9  472  3.1  3.1  3.1  4.1  4.1  4.2 "adj"
20190722.073741 13  124 1277167260 0.221  92.4   4.4 38219 1    NA   -0.3  0.9  472  3.0  3.0  3.0  4.0  4.0  3.9 "adj"
20190723.083237 13  120 1277167010 0.107  92.8  11.8 38244 1    NA    0.0  0.5  472  3.0  3.1  3.1  4.1  4.2  4.2 "adj_post PID update to remove low freq artifact. Day 1 QA"
20190724.074348 13  124 1277167180 0.128  93.9   9.1 38343 0    NA   -0.1  0.6  472  3.0  3.0  3.0  3.9  3.9  3.9 "adj"
20190725.074131 13  124 1277167000 0.120  95.4   8.9 38374 1    NA   -0.0  0.9  472  3.0  3.0  3.0  3.9  4.1  3.9 "adj"
20190726.073422 13  124 1277167030 0.116  93.5   8.9 38435 1    NA   -0.3  0.7  472  3.1  3.1  3.1  4.1  4.0  4.1 "adj"
20190729.072138 13  124 1277166870 0.111  96.6   9.1 38532 2    NA   -0.1  0.6  472  3.0  2.9  3.0  4.0  3.9  3.9 "adj"
20190730.073917 13  123 1277166810 0.115  96.0   9.8 38560 1    NA   -0.6  1.1  472  3.0  3.0  3.0  4.1  4.0  4.0 "adj"
20190802.140808 13  125 1277167400 0.095  94.7  11.3 38749 1    NA   -1.0  1.1  472  3.0  3.0  3.1  4.2  4.0  4.2 "adj"
20190805.075525 13  122 1277166850 0.134  94.3   7.5 38804 1    NA    0.2  0.7  472  3.0  3.0  3.0  4.0  3.9  4.1 "adj"
20190806.074552 13  123 1277166860 0.118  92.2   8.1 38835 1    NA   -0.1  0.6  472  3.0  3.0  3.0  4.0  3.9  3.8 "adj"
20190807.074544 13  124 1277166790 0.109  92.5  10.2 38854 0    NA   -0.3  0.7  472  3.1  3.1  3.1  4.1  4.3  4.1 "adj"
20190808.073700 13  124 1277166810 0.119  91.1   8.7 38918 1    NA   -0.1  0.6  472  3.1  3.0  3.1  4.2  4.1  4.2 "adj"
20190809.075224 13  122 1277166850 0.112  90.0   9.5 38943 1    NA   -0.6  0.9  472  3.1  3.2  3.1  4.2  4.2  4.4 "adj"
20190813.075207 13  122 1277166840 0.098  95.9  10.6 39119 1    NA   -1.0  1.2  472  3.0  3.0  3.0  4.0  3.9  4.0 "adj"
20190814.074556 13  125 1277166840 0.135  92.3   7.3 39180 0    NA   -0.3  0.7  472  3.0  3.0  3.0  4.1  4.0  4.0 "adj"
20190815.074614 13  125 1277167010 0.126  92.2   8.1 39244 1    NA   -0.0  0.7  472  3.0  3.0  3.0  4.0  4.0  4.0 "adj"
20190816.075136 13  125 1277167110 0.134  91.2   8.4 39289 1    NA   -0.0  0.7  472  3.0  3.0  3.0  4.1  4.0  4.0 "adj"
20190819.085219 13  125 1277166870 0.156  91.6   6.7 39331 1    NA   -0.1  0.7  472  3.1  3.1  3.1  4.1  4.1  4.0 "adj"
20190821.074708 13  124 1277166800 0.127  90.3   8.1 39459 1    NA   -0.4  0.8  472  3.1  3.1  3.1  4.1  4.2  4.1 "adj"
20190822.074827 13  125 1277166820 0.114  91.2   9.3 39513 1    NA   -1.0  1.3  472  3.1  3.1  3.1  4.1  4.1  4.2 "adj"
20190823.075317 13  126 1277166890 0.144  90.3   8.3 39550 1    NA   -0.0  0.7  472  3.1  3.1  3.1  4.1  4.0  4.1 "adj"
20190826.075034 13  125 1277166870 0.134  93.0   8.3 39623 1    NA   -0.6  0.8  472  3.1  3.1  3.1  4.1  4.1  4.2 "adj"
20190827.080329 13  125 1277166780 0.101  93.0  10.9 39657 1    NA   -0.9  1.2  472  3.0  3.0  3.0  4.1  4.1  4.1 "adj"
20190828.080107 13  125 1277166820 0.136  92.3   9.2 39675 1    NA   -0.8  1.2  472  3.0  3.0  3.0  4.0  4.1  4.1 "adj"
20190829.075215 13  125 1277166810 0.132  91.9   9.5 39689 1    NA    0.1  0.7  472  3.1  3.0  3.1  4.1  4.0  4.0 "adj"
20190903.081820 13  125 1277166830 0.124  92.4  10.1 39858 1    NA   -0.3  0.7  472  3.1  3.1  3.1  4.1  4.1  4.1 "adj"
20190904.081011 13  125 1277166830 0.102  94.3  11.1 39894 1    NA   -0.8  1.1  472  3.0  3.0  3.1  4.1  4.0  4.1 "adj"
20190905.075030 13  125 1277166830 0.117  93.9   8.0 39979 1    NA   -0.3  0.8  472  3.0  3.0  3.0  3.9  4.0  3.9 "adj"
20190906.075517 13  125 1277166870 0.100  92.9  10.8 40005 1    NA   -0.9  1.1  472  3.1  3.1  3.1  4.1  4.2  4.1 "adj"
20190909.073453 13  124 1277166970 0.105  93.5  10.2 40108 1    NA   -0.4  0.8  472  3.0  3.0  3.0  4.0  4.1  4.0 "adj"
20190910.081139 13  125 1277166750 0.136  93.6   8.2 40111 1    NA    0.0  0.7  472  3.0  3.1  3.0  4.1  4.2  4.1 "adj"
20190911.080555 13  122 1277167120 0.136  90.1   8.6 40168 2    NA   -0.0  0.7  472  3.1  3.1  3.1  4.1  4.1  4.0 "adj"
20190912.075631 13  122 1277166970 0.130  90.1  10.0 40198 1    NA   -0.1  0.6  472  3.1  3.2  3.2  4.2  4.2  4.2 "adj"
20190913.081602 13  122 1277167050 0.108  89.8  12.0 40252 1    NA   -0.9  1.3  472  3.1  3.1  3.1  4.2  4.2  4.1 "adj"
20190916.080452 13  126 1277166790 0.096  89.9  12.6 40333 0    NA   -0.0  0.8  472  3.1  3.0  3.1  4.0  3.9  4.1 "adj"
20190917.085155 13  126 1277166870 0.143  91.5   8.3 40378 1    NA   -0.0  0.7  472  3.1  3.1  3.1  4.1  4.1  4.2 "cc"
20190918.083111 13  125 1277167040 0.113  91.9  10.5 40438 1    NA   -0.6  0.9  472  3.1  3.1  3.1  4.1  4.0  4.1 "adj"
20190919.100147 13  124 1277167170 0.122  89.5   9.7 40504 1    NA   -0.1  0.7  472  3.1  3.2  3.1  4.2  4.1  4.1 "cc"
20190920.081507 13  125 1277167100 0.095  92.2  11.3 40582 1    NA   -0.2  0.5  472  3.1  3.1  3.1  4.1  4.1  4.2 "adj"
20190923.082839 13  125 1277166780 0.109  92.1  10.3 40704 1    NA   -0.9  1.2  472  3.0  3.0  3.1  4.1  4.0  4.1 "adj"
20190924.080922 13  125 1277166810 0.144  90.9   7.0 40788 1    NA   -0.0  0.7  472  3.1  3.0  3.1  4.0  3.8  4.0 "adj"
20190925.075319 13  124 1277167220 0.122  91.7  10.1 40895 1    NA   -0.5  0.8  472  3.1  3.1  3.1  4.1  4.1  4.1 "adj"
20190920.081507 13  125 1277167100 0.095  92.2  11.3 40582 1    NA   -0.2  0.5  472  3.1  3.1  3.1  4.1  4.1  4.2 "adj"
20190927.073519 13  124 1277167190 0.100  92.3   9.7 40985 1    NA   -0.9  1.1  472  3.0  3.0  3.1  4.0  4.0  3.9 "adj"
20190930.075456 13  125 1277167060 0.151  93.1   7.0 41121 1    NA   -0.0  0.8  472  3.0  3.0  3.0  4.0  4.2  3.9 "adj"
20191002.084147 13  125 1277167530 0.145  90.7   8.3 41302 1    NA    0.0  0.7  472  3.1  3.1  3.1  4.1  4.1  4.1 "cc"
20191003.080839 13  125 1277167300 0.111  91.3   9.8 41327 1    NA    0.2  0.6  472  3.1  3.1  3.0  4.1  4.2  4.0 "adj"
20191004.075953 13  125 1277167200 0.098  92.6  12.4 41364 1    NA   -0.8  1.0  472  3.0  3.0  3.0  4.1  4.0  4.0 "adj"
20191007.075037 13  125 1277167560 0.120  91.2  10.6 41533 1    NA   -0.1  0.7  472  3.0  3.1  3.0  4.1  4.1  4.0 "adj"
20191008.075106 13  125 1277167440 0.116  91.9   9.5 41609 0    NA    0.1  0.5  472  3.1  3.0  3.1  4.1  4.1  3.9 "adj "
20191009.080341 13  126 1277167640 0.119  91.2   8.4 41672 0    NA   -0.3  0.7  472  3.1  3.0  3.1  4.1  3.9  4.1 "adj"
20191010.082902 13  120 1277167960 0.125  90.2   8.9 41771 1    NA   -1.0  1.3  472  3.1  3.1  3.1  4.1  4.1  4.2 "adj"
20191011.080901 13  123 1277168000 0.117  92.2  10.5 41852 0    NA   -0.7  1.1  472  3.1  3.1  3.1  4.1  4.0  4.0 "adj"
20191014.073346 13  124 1277167570 0.145  89.6   7.3 41954 1    NA    0.2  0.9  472  3.1  3.1  3.1  4.2  4.2  3.9 "adj"
20191015.082024 13  123 1277167610 0.141  90.0   7.7 42021 1    NA   -0.8  1.1  472  3.1  3.1  3.1  4.0  4.1  4.0 "cc"
20191016.075015 13  123 1277167600 0.143  89.5   8.0 42118 1    NA   -0.3  0.8  472  3.1  3.1  3.1  4.1  4.0  4.2 "adj"
20191018.082742 13  126 1277167680 0.114  91.3  11.5 42289 0    NA    0.4  0.8  472  3.1  3.1  3.1  4.2  4.3  4.0 "adj"
20191021.073333 13  125 1277166940 0.127  91.6   9.4 42418 1    NA   -0.1  0.7  472  3.1  3.0  3.1  4.1  4.0  4.3 "adj"
20191022.080143 13  126 1277166800 0.125  94.1   8.2 42449 1    NA   -1.0  1.2  472  3.0  3.0  3.0  4.1  4.1  4.0 "adj"
20191023.080833 13  126 1277166750 0.110  93.4   9.7 42499 1    NA    0.2  0.6  472  3.0  3.0  3.0  4.0  4.1  4.1 "adj"
20191025.073033 13  125 1277166760 0.126  93.6   8.8 42636 1    NA   -0.9  1.3  472  3.0  3.0  3.0  4.0  4.2  4.1 "adj"
20191028.073701 13  125 1277166730 0.124  93.5   8.5 42765 0    NA   -0.3  0.6  472  3.0  3.0  3.1  4.1  4.0  4.0 "adj"
20191029.074425 13  126 1277166750 0.170  94.2   6.0 42791 1    NA    0.1  0.8  472  3.0  3.0  3.0  4.0  4.0  4.0 "adj"
20191030.073416 13  122 1277166860 0.101  91.9  11.1 42874 1    NA    0.0  0.7  472  3.1  3.0  3.1  4.1  4.0  4.2 "adj"
20191031.073340 13  122 1277166760 0.120  91.7   9.3 42938 1    NA    0.2  0.7  472  3.1  3.1  3.1  4.1  4.1  4.1 "adj"
20191101.081210 13  125 1277166820 0.095  95.2   9.9 43026 1    NA   -1.0  1.5  472  3.0  3.0  3.0  4.0  4.1  4.0 "adj"
20191104.072946 13  124 1277166800 0.150  93.7   6.8 43136 0    NA    0.0  0.9  472  3.0  3.0  2.9  4.0  4.1  4.0 "adj"
20191105.073306 13  124 1277166760 0.143  93.2   7.9 43209 1    NA    0.1  0.6  472  3.0  3.0  3.1  4.1  4.0  4.1 "adj"
